---Running 10-fold CV---

Fold  1 - Raw Best Weight: [0.4292076600010968, 1.0671246965291141, 0.40904264865977136, 1.8768941443125442, 1.4127049206117113, 0.43454827262855494, 0.8802968265021935, 0.9594226862979275]	Accuracy: [15, 19, 21] out of 36	Time Taken: 1905.3988573551178
Particles: 10	Generations: 100
gen	evals	avg  	std    	min	max
0  	10   	115.5	3.23265	110	121
1  	10   	114.8	2.85657	110	119
2  	10   	111.3	11.9336	76 	118
3  	10   	112.9	6.99214	93 	118
4  	10   	115.2	4.21426	104	120
5  	10   	116.7	2.28254	113	120
6  	10   	116.8	2.99333	113	122
7  	10   	116  	2.28035	111	120
8  	10   	115.1	3.17648	110	121
9  	10   	116.5	2.61725	112	120
10 	10   	116.2	2.82135	113	121
11 	10   	116.7	2.36854	114	121
12 	10   	116.2	2.95973	110	121
13 	10   	116.9	2.3    	113	121
14 	10   	116.4	3.2    	113	121
15 	10   	117.7	3.55106	112	122
16 	10   	116.5	4.20119	110	124
17 	10   	117  	2.79285	112	120
18 	10   	116.9	2.73679	113	123
19 	10   	118.2	1.98997	115	121
20 	10   	117.5	1.96214	113	120
21 	10   	118.1	2.80891	112	122
22 	10   	117.4	3.90384	111	124
23 	10   	116.3	2.93428	113	122
24 	10   	116.8	3.6    	111	122
25 	10   	116.1	3.01496	111	121
26 	10   	117.7	2.64764	112	121
27 	10   	117  	3.06594	113	121
28 	10   	118.5	2.87228	114	125
29 	10   	118  	1.48324	115	120
30 	10   	118.9	1.7    	116	122
31 	10   	118  	3.82099	113	123
32 	10   	117.5	3.41321	113	123
33 	10   	117.7	3.37787	111	124
34 	10   	117.5	2.65518	114	122
35 	10   	117.1	2.94788	113	122
36 	10   	117.6	3.41174	113	122
37 	10   	117.4	2.61534	113	122
38 	10   	117.9	2.11896	115	123
39 	10   	118  	2.09762	114	121
40 	10   	117.6	2.24499	114	122
41 	10   	116.3	3.0348 	112	123
42 	10   	117.3	2.93428	112	121
43 	10   	118.3	3.1    	113	122
44 	10   	117.9	3.08058	112	121
45 	10   	118.2	3.1241 	113	124
46 	10   	117.3	1.95192	114	120
47 	10   	117.8	2.6    	114	122
48 	10   	118.3	1.9    	115	121
49 	10   	118.2	2.44131	114	124
50 	10   	118.7	2.28254	114	123
51 	10   	117.3	2.2383 	114	120
52 	10   	117  	3.6606 	110	123
53 	10   	118.2	3.6    	113	125
54 	10   	118.3	3.31813	114	124
55 	10   	117.8	2.92575	113	123
56 	10   	118.9	3.50571	114	125
57 	10   	117.1	2.77308	114	121
58 	10   	117.2	2.27156	112	121
59 	10   	116.5	2.24722	113	120
60 	10   	116.9	2.16564	113	120
61 	10   	117.8	3.70945	108	122
62 	10   	116.2	4.97594	103	121
63 	10   	117.1	2.98161	109	120
64 	10   	116.6	1.49666	115	120
65 	10   	116.3	2.45153	114	121
66 	10   	118.1	3.47707	113	124
67 	10   	116.9	2.54755	113	120
68 	10   	117.2	1.32665	114	119
69 	10   	117.6	1.85472	114	121
70 	10   	117.3	1.73494	115	121
71 	10   	117.5	2.69258	113	121
72 	10   	117.4	3.63868	109	124
73 	10   	117.3	2.86531	112	123
74 	10   	117.5	2.97489	113	123
75 	10   	118.6	3.97995	112	125
76 	10   	116.3	2.93428	114	124
77 	10   	117.2	2.18174	114	121
78 	10   	117.7	2.68514	115	123
79 	10   	117.9	2.07123	115	122
80 	10   	119.1	2.46779	115	123
81 	10   	118.5	2.24722	116	123
82 	10   	117.9	3.26956	114	124
83 	10   	118.1	3.17648	113	124
84 	10   	117.8	4.01995	108	122
85 	10   	118.5	1.80278	116	121
86 	10   	118.7	2.64764	116	124
87 	10   	118.5	2.57876	115	124
88 	10   	117.6	2.37487	114	123
89 	10   	117.8	2.13542	115	122
90 	10   	118.1	2.02237	115	121
91 	10   	118.6	2.53772	114	123
92 	10   	118.7	3.22645	113	123
93 	10   	119.3	3.87427	110	123
94 	10   	118  	4.17133	109	123
95 	10   	118  	2.93258	113	122
96 	10   	116.9	2.5865 	113	122
97 	10   	117.2	1.83303	114	120
98 	10   	116.1	2.38537	113	120
99 	10   	117  	2.75681	111	122
Fold  2 - Raw Best Weight: [0.004663687549461892, 0.9624958423383199, 0.7465897280420315, 1.398307060475939, 1.4198525883539734, 0.058508046288149596, 0.9297316872200548, 1.3115546168614596]	Accuracy: [14, 20, 23] out of 36	Time Taken: 2070.5690553188324
Particles: 10	Generations: 100
gen	evals	avg  	std    	min	max
0  	10   	113.1	3.44819	108	119
1  	10   	112.7	3.55106	104	117
2  	10   	113.3	2.75862	108	119
3  	10   	113.1	2.94788	106	116
4  	10   	114.9	2.66271	111	119
5  	10   	114.8	2.56125	111	120
6  	10   	112.7	3.19531	106	117
7  	10   	113.2	3.91918	107	122
8  	10   	114.3	3.19531	110	121
9  	10   	117.6	2.76405	113	121
10 	10   	117.6	1.49666	114	119
11 	10   	116.9	2.07123	114	121
12 	10   	116.7	2.9    	110	120
13 	10   	116.9	3.17648	111	123
14 	10   	118.2	3.48712	111	123
15 	10   	119.2	2.63818	114	123
16 	10   	117.9	2.98161	111	123
17 	10   	118.6	1.35647	117	121
18 	10   	119.1	3.23883	114	123
19 	10   	118.5	2.83725	113	123
20 	10   	115.3	4.1    	105	120
21 	10   	114.3	3.19531	109	120
22 	10   	114.5	2.57876	111	119
23 	10   	117  	2.48998	112	122
24 	10   	117.6	3.44093	110	122
25 	10   	117.4	3.2    	111	122
26 	10   	117.9	1.75784	115	120
27 	10   	117.8	2.13542	114	121
28 	10   	118.2	2.31517	114	121
29 	10   	117.8	2.6    	113	122
30 	10   	115.7	2.57099	111	119
31 	10   	115.5	3.17017	112	121
32 	10   	115  	1      	113	116
33 	10   	117.5	2.24722	114	122
34 	10   	117.3	3.37787	113	124
35 	10   	116.5	4.65296	106	123
36 	10   	117  	3.31662	109	121
37 	10   	117.6	1.90788	115	120
38 	10   	116.6	2.87054	113	123
39 	10   	117.1	2.34307	113	121
40 	10   	117.7	3.28786	112	123
41 	10   	116.1	1.7    	113	118
42 	10   	116.4	1.95959	114	120
43 	10   	116.5	2.97489	109	120
44 	10   	117  	2.28035	114	122
45 	10   	118.2	3.4    	113	123
46 	10   	118.1	2.77308	114	123
47 	10   	118.3	2.1    	114	121
48 	10   	117.7	2.32594	115	123
49 	10   	116.9	2.16564	114	121
50 	10   	116.3	2.57099	111	120
51 	10   	115.2	2.5219 	112	119
52 	10   	116.3	3.0348 	113	123
53 	10   	116.2	3.4    	109	122
54 	10   	117  	3      	113	122
55 	10   	118.5	2.20227	115	122
56 	10   	118.5	2.83725	114	122
57 	10   	118.4	2.83549	113	123
58 	10   	118.3	1.1    	117	121
59 	10   	116.7	3.1    	113	123
60 	10   	116.7	2.93428	112	121
61 	10   	115.8	3.02655	110	120
62 	10   	114.9	3.33017	110	120
63 	10   	115.6	3.97995	108	122
64 	10   	117.1	2.54755	113	121
65 	10   	116.9	3.85876	111	123
66 	10   	117.7	2.14709	114	120
67 	10   	117.4	2.00998	113	120
68 	10   	116.9	3.04795	111	121
69 	10   	116.1	1.57797	114	120
70 	10   	115.5	3.23265	110	120
71 	10   	114.4	2.53772	109	118
72 	10   	115.8	3.94462	108	119
73 	10   	115.8	3.42929	110	120
74 	10   	117.5	2.97489	113	123
75 	10   	117.2	4.51221	109	123
76 	10   	116.7	3.46554	112	122
77 	10   	115.9	3.3    	109	121
78 	10   	117.4	3.2619 	111	123
79 	10   	116.6	2.90517	113	121
80 	10   	116.2	3.24962	111	122
81 	10   	115.5	3.26343	112	121
82 	10   	115.3	4.22019	107	123
83 	10   	116  	3.84708	110	124
84 	10   	115.1	3.33017	112	123
85 	10   	115.3	3.0348 	112	121
86 	10   	116.4	2.83549	112	121
87 	10   	117.4	2.15407	114	121
88 	10   	117.1	3.11288	113	123
89 	10   	115  	1.73205	112	118
90 	10   	115.6	2.72764	113	121
91 	10   	115.8	2.08806	114	120
92 	10   	115.7	2.6096 	110	120
93 	10   	114.9	4.39204	108	124
94 	10   	115.3	4.29069	108	122
95 	10   	115.9	3.67287	110	122
96 	10   	116.4	4.24735	108	125
97 	10   	117.5	3.3541 	110	120
98 	10   	116.4	3.2311 	109	121
99 	10   	117.8	2.31517	115	123
Fold  3 - Raw Best Weight: [0.27093186490541654, 0.621513137364738, 0.6909842483010417, 1.0826733377508941, 1.5906001823701414, 0.23708247375509808, 0.7544728671716681, 0.5929792294556285]	Accuracy: [12, 19, 20] out of 36	Time Taken: 2111.4881722927094
Particles: 10	Generations: 100
gen	evals	avg  	std    	min	max
0  	10   	117.1	2.84429	111	121
1  	10   	114.2	4.93559	104	122
2  	10   	107  	8.11172	88 	115
3  	10   	105.1	13.36  	78 	117
4  	10   	111.1	6.18789	94 	117
5  	10   	118.8	3.34066	112	124
6  	10   	118.7	3.13209	114	124
7  	10   	116.9	4.63573	108	124
8  	10   	117.3	4.77598	109	126
9  	10   	119.2	3.81576	114	126
10 	10   	120.2	2.08806	117	123
11 	10   	121.2	1.66132	118	124
12 	10   	121  	3.92428	115	126
13 	10   	121.4	3.41174	115	126
14 	10   	120.6	2.69072	114	124
15 	10   	120.8	2.63818	115	125
16 	10   	119.6	2.76405	114	123
17 	10   	120.5	3.20156	117	126
18 	10   	118.4	3.72022	111	124
19 	10   	120.2	3.48712	115	125
20 	10   	120.8	2.89137	117	125
21 	10   	121.7	2.86531	117	125
22 	10   	121.4	3.77359	115	126
23 	10   	121.8	3.45832	115	126
24 	10   	120.5	1.68819	118	123
25 	10   	119.3	2.41039	115	122
26 	10   	118.8	2.85657	114	123
27 	10   	120.3	3.71618	114	126
28 	10   	120.2	3.1241 	115	124
29 	10   	121  	2.44949	118	125
30 	10   	120.6	2.45764	117	124
31 	10   	122.2	2.71293	115	125
32 	10   	121.1	2.7    	117	126
33 	10   	120.9	1.75784	119	125
34 	10   	120.6	1.95959	117	123
35 	10   	118.7	2.9    	114	124
36 	10   	118.6	2.87054	113	123
37 	10   	118.9	3.17648	114	123
38 	10   	119.6	2.69072	116	123
39 	10   	121.1	2.98161	116	125
40 	10   	122.8	3.2187 	117	126
41 	10   	121.4	2.93939	116	125
42 	10   	120.6	1.95959	117	124
43 	10   	120.6	2.57682	116	125
44 	10   	120.3	2.5318 	117	125
45 	10   	119.4	1.74356	117	123
46 	10   	119.7	2.0025 	117	123
47 	10   	119.4	2.90517	113	123
48 	10   	120.4	4.4317 	110	126
49 	10   	121.8	3.78946	112	126
50 	10   	121.8	2.74955	117	126
51 	10   	121.8	2.5219 	118	127
52 	10   	121.7	2.96816	117	127
53 	10   	121.7	2.19317	118	125
54 	10   	122.5	1.9105 	120	126
55 	10   	123.2	2.18174	120	126
56 	10   	123.3	1.00499	122	125
57 	10   	123.8	2.63818	119	127
58 	10   	122.6	2.72764	116	127
59 	10   	121.6	2.05913	118	125
60 	10   	123.2	2.03961	120	127
61 	10   	121.9	2.62488	117	125
62 	10   	121.3	3.13209	117	126
63 	10   	122.7	2.96816	118	127
64 	10   	121.1	2.77308	117	126
65 	10   	122.3	3.57911	118	128
66 	10   	121.4	3.03974	116	126
67 	10   	122.1	3.44819	117	126
68 	10   	121.6	3.38231	114	125
69 	10   	121.7	3.1    	115	126
70 	10   	123.1	3.14484	117	127
71 	10   	122.1	3.5623 	115	126
72 	10   	121.8	2.35797	118	127
73 	10   	120.6	2.498  	117	125
74 	10   	121.2	3.73631	113	126
75 	10   	121.5	3.5    	116	127
76 	10   	121.2	2.74955	116	125
77 	10   	120.7	2.83019	117	125
78 	10   	120.3	2.45153	116	125
79 	10   	121.3	2.49199	117	126
80 	10   	121.8	3.09192	117	127
81 	10   	122.1	3.3    	116	127
82 	10   	120.1	2.11896	117	125
83 	10   	120.7	2.68514	116	125
84 	10   	120.9	3.44819	116	126
85 	10   	121.7	4.12432	113	127
86 	10   	121  	2.32379	117	126
87 	10   	120.6	1.95959	116	123
88 	10   	120.4	2.00998	118	125
89 	10   	122  	3.03315	117	127
90 	10   	120.9	3.96106	115	127
91 	10   	119.6	3.2    	113	124
92 	10   	119.7	3.43657	113	125
93 	10   	120.6	3.07246	115	125
94 	10   	122  	3.68782	113	127
95 	10   	119.7	3.8223 	111	125
96 	10   	120  	3.28634	115	127
97 	10   	119.8	2.74955	116	127
98 	10   	121.9	2.7    	117	126
99 	10   	122.1	2.7    	118	126
Fold  4 - Raw Best Weight: [0.018111968456740624, 0.5957324098246239, 0.5776513727569095, 0.8966627222390467, 0.6523157872413673, 0.4019093273213961, -0.039815939880157525, 0.8146997916345678]	Accuracy: [13, 18, 19] out of 35	Time Taken: 2171.2007393836975
Particles: 10	Generations: 100
gen	evals	avg  	std    	min	max
0  	10   	115.8	1.98997	110	117
1  	10   	114.3	3.52278	107	120
2  	10   	112.2	6.85274	95 	119
3  	10   	107.4	13.4179	69 	117
4  	10   	109.5	9.7903 	82 	118
5  	10   	106.1	6.9347 	96 	119
6  	10   	103.7	10.9366	88 	122
7  	10   	106.2	8.25591	93 	115
8  	10   	106.2	18.2527	64 	120
9  	10   	113.8	11.2942	81 	123
10 	10   	110.3	18.2047	56 	119
11 	10   	115.4	3.41174	109	121
12 	10   	117.1	4.01123	111	123
13 	10   	116.7	3.66197	111	123
14 	10   	117.5	3.41321	112	125
15 	10   	117  	4.40454	110	125
16 	10   	115.5	5.57225	106	123
17 	10   	117.9	6.0407 	105	124
18 	10   	116.3	6.60379	103	128
19 	10   	115.2	6.9685 	101	123
20 	10   	116.5	5.71402	104	126
21 	10   	115.7	5.13907	106	123
22 	10   	115.4	4.31741	109	124
23 	10   	115  	3.74166	110	122
24 	10   	115.6	2.24499	113	121
25 	10   	116.4	2.498  	110	120
26 	10   	117.5	4.31856	108	122
27 	10   	117  	7.4162 	99 	123
28 	10   	115.8	7.94733	96 	125
29 	10   	114.3	5.88303	102	123
30 	10   	116  	6.48074	105	127
31 	10   	115.5	5.98749	104	124
32 	10   	115.9	5.55788	103	125
33 	10   	115  	5.11859	107	124
34 	10   	115.1	3.33017	110	122
35 	10   	117.7	2.9    	112	123
36 	10   	117.1	5.2811 	105	125
37 	10   	117.5	4.80104	109	123
38 	10   	117.8	4.62169	109	124
39 	10   	116.6	4.54313	107	124
40 	10   	116.3	4.73392	105	122
41 	10   	115.8	4.51221	106	122
42 	10   	113.9	5.3376 	104	122
43 	10   	113.6	4.84149	106	122
44 	10   	114.6	3.55528	108	120
45 	10   	116.3	3.06757	110	120
46 	10   	118.2	3.68239	113	124
47 	10   	117.7	5.31131	104	125
48 	10   	117.3	4.62709	105	122
49 	10   	116.3	3.79605	110	122
50 	10   	116  	5.76194	106	127
51 	10   	114.3	3.19531	109	119
52 	10   	115.4	4.12795	108	121
53 	10   	114  	4.14729	105	118
54 	10   	114.8	5.21153	107	121
55 	10   	116.2	6.74981	105	127
56 	10   	117.1	6.26817	104	126
57 	10   	117.3	5.45985	106	126
58 	10   	117.6	5.31413	108	126
59 	10   	118.1	5.10784	105	125
60 	10   	117  	4.40454	113	126
61 	10   	117.8	2.89137	113	122
62 	10   	116.6	4.69468	108	123
63 	10   	114.5	5.42679	105	122
64 	10   	115.8	4.30813	107	123
65 	10   	118.3	3.19531	113	123
66 	10   	118.6	4.05463	111	125
67 	10   	117.1	6.34744	100	123
68 	10   	115.8	5.54617	107	125
69 	10   	117.4	6.21611	104	127
70 	10   	118.9	5.24309	107	126
71 	10   	117.9	2.54755	113	123
72 	10   	116.8	4.11825	111	123
73 	10   	117.2	4.26146	111	124
74 	10   	116.4	3.87814	112	123
75 	10   	117.4	3.2619 	113	124
76 	10   	117.7	4.47325	111	124
77 	10   	117.2	5.84466	105	125
78 	10   	117.2	4.91528	110	124
79 	10   	117.4	3.69324	109	122
80 	10   	117  	5.2345 	106	126
81 	10   	115.1	3.93573	106	119
82 	10   	116  	4      	107	122
83 	10   	118.5	4.73814	111	126
84 	10   	119.9	4.06079	114	127
85 	10   	117.3	4.62709	108	122
86 	10   	116.7	4.24382	107	122
87 	10   	116.1	3.98623	109	122
88 	10   	116.7	3.84838	109	123
89 	10   	117.6	3.52704	111	123
90 	10   	117  	3.79473	110	124
91 	10   	116.5	4.92443	105	122
92 	10   	116.5	3.74833	111	122
93 	10   	117.3	3.55106	110	122
94 	10   	119.1	4.32319	112	126
95 	10   	118.5	3.90512	112	124
96 	10   	117.9	4.03609	112	124
97 	10   	118.3	4.1    	109	123
98 	10   	115.8	4.85386	107	123
99 	10   	117.7	5.34883	105	124
Fold  5 - Raw Best Weight: [1.4013579874183146, 1.4723429072354544, 0.5841913661289575, 1.5826965148888001, 3.037196951119229, 0.4865728263784625, 1.5347160079058528, 2.090940768507674]	Accuracy: [12, 16, 18] out of 35	Time Taken: 2064.1269178390503
Particles: 10	Generations: 100
gen	evals	avg  	std    	min	max
0  	10   	116.2	4.87442	105	123
1  	10   	116.6	3.82623	109	123
2  	10   	117.2	2.85657	112	121
3  	10   	118.4	2.6533 	114	124
4  	10   	120.4	3.00666	115	124
5  	10   	121.5	4.54423	113	128
6  	10   	122.2	3.28024	116	127
7  	10   	121  	2.60768	116	126
8  	10   	118.8	4.48999	110	126
9  	10   	119.2	3.65513	112	125
10 	10   	121.4	3.82623	115	128
11 	10   	122.4	2.57682	117	127
12 	10   	121.9	2.77308	118	127
13 	10   	120.6	2.93939	116	125
14 	10   	121.4	3.32265	116	126
15 	10   	123.3	3.2573 	118	129
16 	10   	124.2	2.63818	120	128
17 	10   	124  	3.2249 	116	128
18 	10   	121.7	3.34813	117	127
19 	10   	120.4	2.53772	117	127
20 	10   	121.2	2.44131	117	127
21 	10   	121.8	1.93907	118	124
22 	10   	123.3	2.32594	120	127
23 	10   	122.5	1.80278	119	125
24 	10   	121.5	2.41868	116	126
25 	10   	122.9	3.14484	115	127
26 	10   	122.8	3.02655	116	126
27 	10   	123.5	2.90689	118	128
28 	10   	120.8	2.22711	118	124
29 	10   	121.1	2.16564	118	125
30 	10   	121  	2.14476	117	125
31 	10   	123  	3.43511	116	128
32 	10   	123.3	1.41774	121	126
33 	10   	122.2	2.4    	119	126
34 	10   	122.9	2.94788	119	129
35 	10   	121.5	1.20416	119	124
36 	10   	122.8	2.48193	119	127
37 	10   	121.8	2.4    	117	125
38 	10   	121.3	2.96816	117	125
39 	10   	119.8	3.91918	114	126
40 	10   	120.4	2.37487	116	123
41 	10   	124.1	2.34307	120	127
42 	10   	123.9	2.16564	119	127
43 	10   	122.2	2.85657	118	127
44 	10   	121.5	3.23265	117	127
45 	10   	121.8	1.6    	120	125
46 	10   	121.3	2.32594	118	125
47 	10   	120.5	2.97489	116	126
48 	10   	120.1	2.34307	116	124
49 	10   	120.2	1.66132	117	123
50 	10   	122.6	2.6533 	119	127
51 	10   	123.5	2.65518	117	127
52 	10   	123.6	1.8    	121	127
53 	10   	122.4	2.97321	117	127
54 	10   	121.3	2.5318 	117	124
55 	10   	122.4	1.90788	119	126
56 	10   	122.1	2.16564	119	127
57 	10   	121.7	2.32594	118	126
58 	10   	121.1	2.77308	117	126
59 	10   	121.7	2.79464	119	127
60 	10   	123.5	3.00832	118	127
61 	10   	125  	2.86356	121	130
62 	10   	125.6	2.37487	121	129
63 	10   	124.8	2.18174	120	128
64 	10   	124.8	2.78568	118	127
65 	10   	125  	2.82843	119	129
66 	10   	124.8	3.31059	119	130
67 	10   	124.8	3.57211	117	129
68 	10   	124.5	2.45967	119	129
69 	10   	124.2	2.31517	119	127
70 	10   	125  	2.56905	122	129
71 	10   	124.2	2.99333	119	129
72 	10   	124.7	2.36854	119	128
73 	10   	125  	1.89737	122	128
74 	10   	124.6	2.41661	120	128
75 	10   	125.7	1.95192	121	128
76 	10   	125.7	1.26886	123	127
77 	10   	125.4	1.8    	122	128
78 	10   	124.6	2.15407	122	129
79 	10   	124.5	2.41868	119	127
80 	10   	123.6	2.93939	119	128
81 	10   	124.1	2.07123	120	127
82 	10   	125.4	2.2    	122	129
83 	10   	124.9	2.5865 	120	127
84 	10   	125.7	2.93428	120	130
85 	10   	124.7	2.79464	118	129
86 	10   	124.6	2.69072	121	130
87 	10   	125.5	2.61725	122	130
88 	10   	124.6	2.83549	120	130
89 	10   	124.7	2.64764	119	128
90 	10   	125.9	1.57797	122	128
91 	10   	124.4	3.69324	117	130
92 	10   	124  	2.36643	120	127
93 	10   	124.9	2.11896	122	128
94 	10   	125.2	2.48193	121	130
95 	10   	124.3	2.2383 	121	127
96 	10   	124.4	2.93939	117	129
97 	10   	124.8	2.71293	119	130
98 	10   	125.3	2.86531	121	130
99 	10   	125.3	1.79165	123	129
Fold  6 - Raw Best Weight: [0.03741968633785852, 0.4305294974006496, 0.5301826664040395, 0.9095349933157606, 0.9185815913691135, 0.5637620336909621, 0.1869149465634347, 0.6837511681078117]	Accuracy: [15, 20, 21] out of 35	Time Taken: 2090.2593116760254
Particles: 10	Generations: 100
gen	evals	avg  	std    	min	max
0  	10   	113.4	4.71593	107	122
1  	10   	112.8	2.48193	109	118
2  	10   	112.2	4.66476	103	120
3  	10   	112.7	4.51774	105	120
4  	10   	113.2	3.34066	107	117
5  	10   	115.3	2.32594	113	119
6  	10   	115.2	2.99333	111	120
7  	10   	114.2	2.95973	110	120
8  	10   	113.9	3.83275	106	120
9  	10   	116.7	4.29069	108	124
10 	10   	116.1	3.5623 	108	119
11 	10   	114.2	3.18748	108	118
12 	10   	113.2	2.48193	108	117
13 	10   	112.6	3.2    	107	117
14 	10   	113.5	3.52846	107	120
15 	10   	114.1	3.14484	107	118
16 	10   	113.7	3.16386	109	119
17 	10   	111.7	3.68917	107	118
18 	10   	113.2	3.91918	106	119
19 	10   	114.8	3.57211	108	119
20 	10   	114.1	3.3    	109	120
21 	10   	114.5	2.83725	109	119
22 	10   	111.6	2.87054	106	115
23 	10   	112.2	3.68239	104	118
24 	10   	112.4	5.08331	106	124
25 	10   	114.1	3.98623	108	123
26 	10   	114.2	4.44522	108	123
27 	10   	112.5	4.34166	104	119
28 	10   	115.1	2.91376	111	119
29 	10   	114.7	4.49555	107	121
30 	10   	114.8	4.37721	106	120
31 	10   	114  	3.84708	107	121
32 	10   	115  	3.28634	110	121
33 	10   	113.6	3.747  	106	120
34 	10   	113.9	3.38969	109	122
35 	10   	113.4	2.41661	109	118
36 	10   	113.3	2.75862	109	117
37 	10   	114  	2.72029	110	117
38 	10   	113.5	3.64005	106	120
39 	10   	113  	5.05964	104	121
40 	10   	113.5	3.55668	107	121
41 	10   	113.5	4.92443	103	122
42 	10   	112.6	2.90517	107	118
43 	10   	113  	3.74166	106	117
44 	10   	112.9	3.75366	107	122
45 	10   	113.2	3.1241 	108	119
46 	10   	112.8	3.76298	105	121
47 	10   	113.3	2.6096 	108	117
48 	10   	114.6	4.005  	107	121
49 	10   	114  	3.63318	106	118
50 	10   	113.5	4.31856	108	120
51 	10   	113.8	4.23792	105	118
52 	10   	113  	2.72029	109	118
53 	10   	112.9	3.2078 	106	117
54 	10   	111.7	4.26732	104	120
55 	10   	111.5	4.272  	105	118
56 	10   	112.1	3.14484	105	117
57 	10   	112  	4.09878	103	118
58 	10   	112.6	2.6533 	108	117
59 	10   	115.4	3.2619 	111	121
60 	10   	114.9	3.17648	111	121
61 	10   	115  	4.04969	109	122
62 	10   	114.3	3.22645	110	120
63 	10   	113.2	4.19047	108	123
64 	10   	112.2	4.04475	105	121
65 	10   	112.3	3.63456	105	119
66 	10   	110.2	6.14492	99 	119
67 	10   	109.9	4.78435	103	118
68 	10   	112  	5.6745 	103	122
69 	10   	111.6	3.69324	103	118
70 	10   	113.1	4.7    	104	120
71 	10   	112.3	5.06063	101	118
72 	10   	113  	4.04969	108	122
73 	10   	112.6	4.2    	105	119
74 	10   	113.3	4.92037	105	119
75 	10   	111.1	2.3    	107	115
76 	10   	110.9	3.59026	106	118
77 	10   	111.1	3.47707	107	116
78 	10   	113.9	4.22966	107	123
79 	10   	113.5	3.87943	108	119
80 	10   	114.1	3.59026	106	118
81 	10   	114.2	2.92575	109	117
82 	10   	113.9	3.23883	109	120
83 	10   	114.4	3.41174	107	119
84 	10   	114.8	3.65513	108	121
85 	10   	113.7	2.32594	109	117
86 	10   	111.1	4.52659	99 	117
87 	10   	109.4	5.73062	95 	118
88 	10   	111.9	4.43734	106	120
89 	10   	112.5	3.95601	107	121
90 	10   	113.4	3.66606	108	120
91 	10   	113.7	3.84838	106	119
92 	10   	114.1	1.97231	110	118
93 	10   	114.9	2.02237	112	119
94 	10   	115.6	2.61534	111	119
95 	10   	113.4	5.0636 	100	120
96 	10   	111.1	3.67287	102	116
97 	10   	111.5	4.22493	107	118
98 	10   	111.3	6.43506	96 	120
99 	10   	112.2	3.4    	104	117
Fold  7 - Raw Best Weight: [0.22261860232477954, 0.711619863236689, 0.8136580756626951, 1.0616070373096593, 1.5070358076387564, 0.3011519224293689, 0.6483213638644806, 0.9413177535403534]	Accuracy: [14, 17, 19] out of 35	Time Taken: 2019.7749633789062
Particles: 10	Generations: 100
gen	evals	avg  	std    	min	max
0  	10   	115.1	3.50571	107	119
1  	10   	114.6	4.07922	108	123
2  	10   	114.6	4.38634	103	119
3  	10   	116.1	3.93573	107	121
4  	10   	118.8	3.31059	112	125
5  	10   	119.3	3.49428	112	125
6  	10   	120.5	2.01246	117	123
7  	10   	120.1	2.2561 	116	125
8  	10   	117.9	3.61801	112	125
9  	10   	117.3	4.29069	107	123
10 	10   	117.3	4.58367	110	125
11 	10   	118.2	2.92575	113	123
12 	10   	120.1	3.88458	112	124
13 	10   	119.6	3.35261	112	125
14 	10   	121.6	1.74356	119	124
15 	10   	122  	2.93258	119	128
16 	10   	122.6	1.62481	120	125
17 	10   	121.1	3.53412	114	126
18 	10   	119.1	4.1821 	109	124
19 	10   	119.8	4.9558 	112	128
20 	10   	120.8	4.81248	110	126
21 	10   	121.5	2.57876	116	125
22 	10   	121.4	3.41174	115	126
23 	10   	119.9	3.96106	113	126
24 	10   	120.7	3.9    	116	127
25 	10   	120  	2.44949	114	122
26 	10   	119.8	1.98997	117	122
27 	10   	120.1	4.27668	113	128
28 	10   	119.2	3.70945	111	123
29 	10   	119.6	3.44093	115	127
30 	10   	121  	3.52136	114	125
31 	10   	121.4	2.6533 	117	125
32 	10   	121.4	3.41174	116	126
33 	10   	120.6	4.60869	114	129
34 	10   	121.2	2.35797	117	125
35 	10   	122.1	2.02237	120	127
36 	10   	121.6	2.10713	118	124
37 	10   	121.7	3.46554	117	130
38 	10   	121.5	1.74642	118	124
39 	10   	121.1	2.50799	117	125
40 	10   	121.3	3.00167	118	128
41 	10   	120.5	2.97489	115	126
42 	10   	121.5	4.38748	114	128
43 	10   	121.1	1.81384	117	123
44 	10   	122.3	2.14709	120	127
45 	10   	123.1	2.21133	119	127
46 	10   	122.2	1.72047	119	125
47 	10   	123.2	2.5219 	120	128
48 	10   	121.5	1.96214	117	124
49 	10   	120.9	2.5865 	116	125
50 	10   	119.8	2.95973	116	125
51 	10   	120.8	4.83322	111	126
52 	10   	121.4	4.58694	111	126
53 	10   	121.2	3.34066	115	125
54 	10   	122  	2.19089	117	124
55 	10   	122.2	2.27156	118	126
56 	10   	122.4	1.74356	119	124
57 	10   	122.3	2.2383 	120	126
58 	10   	120.9	2.98161	116	127
59 	10   	120  	3.37639	115	125
60 	10   	120.7	3.46554	116	127
61 	10   	121.3	3.19531	117	128
62 	10   	122.5	2.57876	119	126
63 	10   	122.2	1.98997	120	127
64 	10   	121.1	3.11288	116	125
65 	10   	120.7	2.93428	116	124
66 	10   	121.1	3.85876	116	127
67 	10   	119.5	4.272  	112	126
68 	10   	119.7	3.19531	113	124
69 	10   	120.2	2.95973	116	125
70 	10   	121.3	2.79464	115	125
71 	10   	121.9	2.73679	118	128
72 	10   	122.4	2.61534	116	126
73 	10   	121.6	4.02989	115	128
74 	10   	120  	2.64575	116	125
75 	10   	119.9	2.3    	117	124
76 	10   	120.7	4.5618 	113	127
77 	10   	119  	3.28634	112	123
78 	10   	119.3	3.19531	116	126
79 	10   	119.5	2.76586	115	126
80 	10   	120.9	2.94788	117	126
81 	10   	121.5	3.26343	116	129
82 	10   	120.8	3.91918	115	128
83 	10   	120.6	4.05463	116	128
84 	10   	119.6	2.93939	115	125
85 	10   	118.8	4.66476	111	126
86 	10   	119.4	4.2    	114	126
87 	10   	119  	2.68328	113	122
88 	10   	120  	3.34664	113	125
89 	10   	119.9	2.21133	117	124
90 	10   	121  	3.25576	116	126
91 	10   	121.2	2.85657	115	124
92 	10   	120.1	2.54755	116	124
93 	10   	121.1	3.72693	115	127
94 	10   	119.7	4.17253	112	126
95 	10   	118  	4.219  	111	125
96 	10   	118.3	4.19643	110	125
97 	10   	118.4	2.69072	115	122
98 	10   	120.4	2.93939	115	124
99 	10   	119.5	2.41868	116	125
Fold  8 - Raw Best Weight: [0.23045071084962623, 1.055458724468634, 1.0723072201840833, 2.0252218265531416, 1.128831965557049, 0.7899325311735108, 0.7413040913803944, 0.504352349328133]	Accuracy: [10, 16, 20] out of 35	Time Taken: 2176.6014301776886
Particles: 10	Generations: 100
gen	evals	avg  	std    	min	max
0  	10   	118.4	2.33238	114	123
1  	10   	117.3	3.9    	110	123
2  	10   	116.9	2.73679	111	121
3  	10   	115.2	3.09192	109	119
4  	10   	114.9	4.43734	104	122
5  	10   	117.6	3.90384	108	124
6  	10   	118.6	4.29418	112	125
7  	10   	118.4	5.04381	109	125
8  	10   	118.1	3.5623 	115	125
9  	10   	120  	2.36643	116	124
10 	10   	121.5	2.15639	117	125
11 	10   	123.1	2.5865 	119	127
12 	10   	121.9	2.07123	119	126
13 	10   	121.7	2.28254	118	125
14 	10   	120.7	2.32594	117	124
15 	10   	121.6	2.10713	119	125
16 	10   	123.6	2.72764	119	128
17 	10   	122.9	4.06079	116	130
18 	10   	122.4	4.07922	114	127
19 	10   	122.3	4.00125	113	126
20 	10   	122  	2.14476	118	125
21 	10   	122.2	2.18174	118	126
22 	10   	121.8	2.6    	118	126
23 	10   	121.3	2.79464	116	126
24 	10   	121.5	2.24722	116	125
25 	10   	121.9	1.44568	119	124
26 	10   	123.2	2.89137	118	128
27 	10   	122.8	3.57211	117	128
28 	10   	121.4	3.1686 	116	126
29 	10   	120.6	3.10483	116	125
30 	10   	121.7	3.13209	115	127
31 	10   	122.3	1.48661	120	125
32 	10   	121.7	2.93428	115	126
33 	10   	122  	2.32379	116	125
34 	10   	121.7	3.16386	116	126
35 	10   	121.9	2.87924	116	125
36 	10   	123.1	3.04795	119	127
37 	10   	123  	3.2249 	119	127
38 	10   	122.4	2.53772	118	127
39 	10   	120.8	2.31517	118	126
40 	10   	122.4	2.41661	118	127
41 	10   	122.9	1.64012	121	126
42 	10   	122.1	3.04795	115	128
43 	10   	122.1	1.97231	118	124
44 	10   	122  	2.04939	118	125
45 	10   	122.1	2.50799	118	126
46 	10   	123.6	3.00666	118	127
47 	10   	122.5	3.85357	116	129
48 	10   	121.3	2.1    	119	124
49 	10   	121.3	2.28254	117	125
50 	10   	122.1	3.3    	116	129
51 	10   	122.6	3.63868	117	128
52 	10   	121.3	3.52278	114	126
53 	10   	122.1	2.34307	118	126
54 	10   	122.1	2.34307	119	126
55 	10   	122.7	2.36854	120	127
56 	10   	122.9	3.7    	117	129
57 	10   	122  	2.93258	117	127
58 	10   	120.2	2.63818	117	125
59 	10   	121.6	2.00998	118	125
60 	10   	122.3	3.00167	118	128
61 	10   	122.1	3.14484	118	126
62 	10   	122  	2.93258	118	127
63 	10   	121.1	2.38537	117	124
64 	10   	123  	2.79285	118	127
65 	10   	121.6	2.90517	117	127
66 	10   	121.8	2.85657	118	127
67 	10   	121.9	3.47707	115	128
68 	10   	121.6	2.10713	118	126
69 	10   	121.9	2.46779	117	126
70 	10   	121.3	1.73494	119	124
71 	10   	120.8	2.6    	116	124
72 	10   	121.2	3.73631	115	128
73 	10   	121.1	2.62488	117	125
74 	10   	122.3	3.28786	116	128
75 	10   	122  	2.93258	116	127
76 	10   	121.2	2.99333	117	127
77 	10   	120.6	2.83549	116	125
78 	10   	121.1	2.54755	117	124
79 	10   	120.8	1.98997	117	124
80 	10   	119.6	2.00998	115	123
81 	10   	120.5	1.68819	118	124
82 	10   	120.7	3.0348 	114	125
83 	10   	121.8	2.13542	119	125
84 	10   	122.9	3.01496	118	127
85 	10   	121  	1.73205	118	124
86 	10   	120.3	2.57099	115	125
87 	10   	120  	2.72029	115	123
88 	10   	121.8	2.6    	118	125
89 	10   	121.2	1.32665	120	124
90 	10   	120.9	2.80891	116	127
91 	10   	120.5	2.76586	116	124
92 	10   	120.3	1.95192	117	123
93 	10   	122.2	1.53623	120	124
94 	10   	122.3	3.16386	118	129
95 	10   	121  	2.56905	116	124
96 	10   	120  	3.1305 	116	125
97 	10   	120.4	3.92938	113	126
98 	10   	121.8	3.6    	115	129
99 	10   	121.6	1.95959	119	124
Fold  9 - Raw Best Weight: [0.5560242932983455, 1.3109895629585921, 1.032480150084851, 1.6919679925406539, 2.2153386942207547, 1.265173072365564, 0.33744621594959173, 1.927089975583225]	Accuracy: [9, 16, 19] out of 35	Time Taken: 2193.18079996109
Particles: 10	Generations: 100
gen	evals	avg  	std    	min	max
0  	10   	117.7	5.4231 	106	124
1  	10   	117.7	4.19643	112	125
2  	10   	116.1	4.45982	109	124
3  	10   	115.6	3.69324	109	123
4  	10   	118.1	4.61411	106	123
5  	10   	118.1	6.07371	105	125
6  	10   	116  	6.66333	103	122
7  	10   	113.6	5.73062	101	121
8  	10   	113.7	4.5618 	103	120
9  	10   	116.1	4.98899	107	125
10 	10   	117.8	3.54401	113	124
11 	10   	117.8	5.49181	104	123
12 	10   	118.2	4.21426	108	124
13 	10   	117.4	3.72022	112	124
14 	10   	117.3	5.45985	109	128
15 	10   	119.6	4.36348	108	125
16 	10   	119.1	4.57056	110	128
17 	10   	119.9	5.83866	109	129
18 	10   	122  	5.38516	112	129
19 	10   	124.2	3.15595	118	128
20 	10   	124.8	2.67582	121	129
21 	10   	124.4	2.05913	120	127
22 	10   	124.2	3.42929	118	129
23 	10   	124.7	2.96816	120	129
24 	10   	123.2	2.85657	118	128
25 	10   	124.2	3.09192	117	127
26 	10   	122.7	3.60694	116	128
27 	10   	124  	2.56905	119	128
28 	10   	123.6	3.03974	118	128
29 	10   	123.7	2.6096 	117	127
30 	10   	124.7	2.28254	120	129
31 	10   	125.2	2.82135	120	130
32 	10   	124.3	3.31813	119	129
33 	10   	124.5	3.04138	120	129
34 	10   	125.2	3.84187	121	131
35 	10   	124.3	2.96816	118	128
36 	10   	124.2	2.22711	121	129
37 	10   	125.6	2.41661	121	129
38 	10   	124.7	3.06757	119	129
39 	10   	125  	3.09839	119	129
40 	10   	125.6	2.93939	120	129
41 	10   	126  	3.79473	118	130
42 	10   	125.4	2.2    	122	129
43 	10   	124.7	2.93428	121	129
44 	10   	123.3	3.1    	118	128
45 	10   	124.2	3.28024	119	130
46 	10   	124.1	2.54755	119	127
47 	10   	125  	3.31662	119	131
48 	10   	124.6	2.57682	121	129
49 	10   	125.1	2.66271	122	130
50 	10   	125  	3.25576	120	131
51 	10   	125.2	2.78568	119	129
52 	10   	125.9	2.80891	122	131
53 	10   	125.4	2.41661	121	129
54 	10   	124.4	3.52704	119	130
55 	10   	125.4	2.6533 	121	131
56 	10   	126.1	2.2561 	122	129
57 	10   	126.1	2.50799	120	129
58 	10   	125.8	3.65513	118	132
59 	10   	125.5	2.94109	120	129
60 	10   	125.7	3.00167	121	131
61 	10   	126.6	2.6533 	122	131
62 	10   	124.8	2.13542	121	129
63 	10   	124.6	2.83549	119	130
64 	10   	125.4	4.005  	117	132
65 	10   	125.9	3.3    	121	130
66 	10   	126.6	2.8    	121	131
67 	10   	125.2	2.92575	120	129
68 	10   	126.4	2.61534	122	130
69 	10   	124.1	3.38969	120	132
70 	10   	125.1	2.2561 	122	130
71 	10   	126  	2.09762	123	130
72 	10   	125.7	1.84662	122	129
73 	10   	125.5	4.10488	119	132
74 	10   	124.9	3.47707	119	130
75 	10   	124.9	2.5865 	121	129
76 	10   	126.4	3.38231	121	132
77 	10   	126.3	3.31813	123	134
78 	10   	126.1	3.36006	121	133
79 	10   	126.6	2.61534	122	130
80 	10   	127.3	2.28254	122	130
81 	10   	128  	2.19089	125	132
82 	10   	126.9	2.84429	123	132
83 	10   	126.5	2.76586	122	132
84 	10   	126.3	3.19531	119	131
85 	10   	125.4	2.8    	119	129
86 	10   	126.1	2.07123	122	129
87 	10   	126.7	3.71618	121	132
88 	10   	127.6	2.69072	124	133
89 	10   	127.5	2.76586	123	131
90 	10   	127.5	2.41868	123	131
91 	10   	127  	2.96648	122	131
92 	10   	126.4	3.49857	122	132
93 	10   	127.2	2.82135	124	132
94 	10   	126.5	1.96214	122	129
95 	10   	125.7	3.0348 	120	130
96 	10   	124.2	4.26146	115	131
97 	10   	125.1	4.10974	118	133
98 	10   	125.7	3.0348 	122	132
99 	10   	127.2	3.05941	122	133
Fold 10 - Raw Best Weight: [-0.30317395721499657, 0.956541352063911, -0.44510853053472954, 1.3008077498515616, 0.8738301497226503, 0.4199914758501978, 0.613425153141377, -0.12334955798689445]	Accuracy: [13, 20, 22] out of 35	Time Taken: 2121.008884191513
Particles: 10	Generations: 100
gen	evals	avg  	std    	min	max
0  	10   	115.6	4.56508	109	122
1  	10   	113.7	2.28254	110	119
2  	10   	112.8	1.72047	110	115
3  	10   	113.6	2.24499	110	117
4  	10   	115.6	3.87814	109	121
5  	10   	115.6	2.00998	112	119
6  	10   	114.3	3.46554	107	119
7  	10   	111.7	4.29069	104	117
8  	10   	110.5	4.12916	102	116
9  	10   	112.7	4.02616	105	119
10 	10   	115.4	3.61109	109	122
11 	10   	114.6	3.13688	110	122
12 	10   	113.6	2.76405	110	120
13 	10   	112.5	3.13847	108	119
14 	10   	114.4	3.747  	110	123
15 	10   	114.8	3.45832	109	121
16 	10   	114.3	4.51774	106	120
17 	10   	112.9	5.41202	106	124
18 	10   	113.2	3.57211	109	120
19 	10   	111.9	3.98623	104	120
20 	10   	114.1	3.7    	104	117
21 	10   	116.7	2.2383 	114	121
22 	10   	116.7	3.0348 	111	121
23 	10   	115.8	2.44131	112	120
24 	10   	113.4	3.38231	106	119
25 	10   	112.2	3.65513	107	118
26 	10   	112.7	4.00125	105	121
27 	10   	113.7	3.63456	108	119
28 	10   	114.1	2.87924	109	119
29 	10   	113.5	2.29129	109	118
30 	10   	115.2	2.78568	112	121
31 	10   	117.1	1.92094	113	120
32 	10   	116.1	2.77308	111	120
33 	10   	114.7	3.0348 	110	119
34 	10   	114.1	3.01496	110	120
35 	10   	113.6	2.76405	108	117
36 	10   	114.2	2.67582	110	119
37 	10   	112.8	3.18748	110	120
38 	10   	113.2	2.78568	109	118
39 	10   	113.6	2.57682	108	117
40 	10   	116.2	1.6    	113	118
41 	10   	116.5	2.41868	112	121
42 	10   	115  	4.12311	105	121
43 	10   	113.1	4.9689 	102	119
44 	10   	114.1	2.80891	110	120
45 	10   	113.2	2.48193	110	117
46 	10   	112.1	3.78021	107	118
47 	10   	112.7	1.9    	110	116
48 	10   	113.7	3.22645	108	119
49 	10   	114.4	2.72764	110	118
50 	10   	115.5	3.47131	110	120
51 	10   	116.1	3.2078 	110	120
52 	10   	115.3	4.12432	107	121
53 	10   	113.3	6.38827	98 	121
54 	10   	113.4	2.87054	109	118
55 	10   	114.4	3.29242	109	120
56 	10   	114.1	2.54755	110	119
57 	10   	113.2	3.96989	107	120
58 	10   	111.6	4.36348	106	120
59 	10   	113.7	2.2383 	110	118
60 	10   	115  	3.97492	110	123
61 	10   	114.9	3.33017	108	120
62 	10   	116.8	4.6    	106	122
63 	10   	115.2	4.04475	108	119
64 	10   	115.6	3.32265	110	121
65 	10   	112.3	5.06063	100	119
66 	10   	112  	3.37639	104	115
67 	10   	113.3	4.53982	105	120
68 	10   	115.5	3.66742	110	122
69 	10   	114.6	2.33238	111	118
70 	10   	115.7	3.71618	111	123
71 	10   	115.4	2.24499	113	120
72 	10   	115  	3.37639	109	120
73 	10   	114.8	4.0694 	109	120
74 	10   	114.3	3.22645	109	120
75 	10   	113.9	3.64555	106	119
76 	10   	111.7	3.46554	106	118
77 	10   	113.3	2.96816	110	119
78 	10   	115.2	1.98997	113	119
79 	10   	114.9	3.17648	107	119
80 	10   	115.3	3.55106	111	121
81 	10   	115.2	2.63818	112	121
82 	10   	116.5	2.24722	113	120
83 	10   	113.5	4.12916	104	119
84 	10   	113.1	4.67868	106	120
85 	10   	106.2	17.5943	54 	117
86 	10   	112.9	3.01496	108	119
87 	10   	114.1	3.80657	110	121
88 	10   	116.3	3.76962	107	122
89 	10   	115.6	3.13688	111	122
90 	10   	113.2	5.03587	103	120
91 	10   	115.3	4.31393	105	120
92 	10   	115.1	2.98161	110	121
93 	10   	114.3	3.87427	107	120
94 	10   	114.5	3.66742	108	120
95 	10   	113.1	3.61801	105	117
96 	10   	113.4	3.00666	109	117
97 	10   	114.6	3.03974	111	119
98 	10   	114.2	3.94462	105	120
99 	10   	114.6	2.24499	110	118
---Overall Accuracies: [127, 181, 202]---