---Running 10-fold CV---

Fold  1 - Raw Best Weight: [2.5733255117748244, 2.96608048715058, 2.445331868240423, 2.794512228019769]	Accuracy: [14, 19, 23] out of 36	Time Taken: 378.2714989185333
Particles: 10	Generations: 50
gen	evals	avg  	std     	min	max
0  	10   	109.3	1.95192 	107	113
1  	10   	109.4	2.41661 	106	114
2  	10   	109.7	1.79165 	108	114
3  	10   	110.5	2.61725 	105	114
4  	10   	110.2	1.77764 	106	112
5  	10   	110.9	1.7     	108	114
6  	10   	111.4	2.05913 	108	114
7  	10   	111.1	1.86815 	107	114
8  	10   	112.2	1.93907 	108	114
9  	10   	112.3	1.73494 	109	114
10 	10   	111.3	2.14709 	107	114
11 	10   	112.6	1.62481 	109	114
12 	10   	113.8	0.748331	112	115
13 	10   	113.5	1.11803 	111	115
14 	10   	113.8	1.32665 	110	115
15 	10   	114  	0.447214	113	115
16 	10   	113.8	0.748331	113	115
17 	10   	113.1	1.75784 	109	115
18 	10   	112.5	1.9105  	109	114
19 	10   	112.6	2.05913 	108	115
20 	10   	113  	1.84391 	108	114
21 	10   	113.8	1.16619 	111	115
22 	10   	113.9	1.13578 	112	115
23 	10   	113.8	0.4     	113	114
24 	10   	113.6	1.0198  	111	115
25 	10   	113.8	1.07703 	112	115
26 	10   	114  	1       	112	115
27 	10   	113.4	1.56205 	109	115
28 	10   	112.4	1.95959 	108	114
29 	10   	112.1	2.16564 	108	115
30 	10   	113.1	1.44568 	110	114
31 	10   	113.8	0.748331	112	115
32 	10   	113.6	1.0198  	112	115
33 	10   	113.2	1.07703 	111	114
34 	10   	113.4	1.28062 	111	115
35 	10   	113.6	0.916515	112	115
36 	10   	113.5	1.0247  	111	115
37 	10   	112.7	1.73494 	110	115
38 	10   	112.4	1.8     	109	115
39 	10   	112.5	1.68819 	110	114
40 	10   	112.8	1.6     	109	114
41 	10   	113.6	1.42829 	110	115
42 	10   	113.9	1.04403 	111	115
43 	10   	113.3	1.18743 	110	114
44 	10   	112.5	1.62788 	110	114
45 	10   	112.8	1.53623 	110	115
46 	10   	113.4	1.74356 	110	115
47 	10   	112.9	1.3     	111	115
48 	10   	112.2	1.83303 	110	115
49 	10   	111.9	2.2561  	107	114
Fold  2 - Raw Best Weight: [0.673733048013744, 0.7914757290505221, 0.5417639630799351, 1.385745792096289]	Accuracy: [12, 20, 21] out of 36	Time Taken: 420.2558741569519
Particles: 10	Generations: 50
gen	evals	avg  	std    	min	max
0  	10   	110.3	2.57099	106	115
1  	10   	110.3	2.45153	108	115
2  	10   	109.7	2.05183	107	114
3  	10   	110.3	2.0025 	107	114
4  	10   	110  	2.68328	106	115
5  	10   	111.9	2.34307	108	115
6  	10   	111.8	2.31517	108	116
7  	10   	111.3	2.19317	108	115
8  	10   	111.5	2.15639	108	115
9  	10   	112.2	1.93907	109	116
10 	10   	113.6	2.2891 	110	118
11 	10   	111.7	2.1    	108	114
12 	10   	111.4	1.8    	108	114
13 	10   	111.9	2.07123	109	115
14 	10   	112.2	2.08806	108	116
15 	10   	113.5	2.80179	109	117
16 	10   	112.8	1.8868 	110	116
17 	10   	111.2	2.31517	108	115
18 	10   	110.7	2.72213	107	116
19 	10   	112.2	3.24962	107	116
20 	10   	113.1	2.21133	109	117
21 	10   	110.9	2.66271	108	116
22 	10   	110.7	2.41039	107	114
23 	10   	110.6	2.53772	106	114
24 	10   	112.6	2.24499	108	115
25 	10   	112.8	2.4    	109	117
26 	10   	111.9	3.3    	107	116
27 	10   	110.8	2.18174	107	115
28 	10   	111.3	2.49199	107	115
29 	10   	112.9	3.04795	108	117
30 	10   	112.3	2.72213	106	115
31 	10   	110.8	3.15595	106	115
32 	10   	109.7	2.36854	107	114
33 	10   	109.8	3.81576	101	114
34 	10   	110.7	2.86531	107	116
35 	10   	112.1	2.5865 	108	116
36 	10   	111.5	2.53969	108	116
37 	10   	110.8	2.18174	108	115
38 	10   	111.2	3.09192	106	115
39 	10   	112  	2.89828	108	116
40 	10   	111.8	3.37046	105	117
41 	10   	110.4	3.41174	104	115
42 	10   	109.3	3.40735	102	115
43 	10   	109.3	2.86531	105	114
44 	10   	110.3	2.86531	106	115
45 	10   	110.9	2.94788	106	116
46 	10   	112.1	1.75784	109	115
47 	10   	111.9	2.62488	108	115
48 	10   	109.5	2.24722	107	115
49 	10   	111.5	2.57876	107	115
Fold  3 - Raw Best Weight: [2.110154103518682, 2.798456388282106, 2.1774820908800545, 0.8902694728475555]	Accuracy: [11, 18, 18] out of 36	Time Taken: 416.34521484375
Particles: 10	Generations: 50
gen	evals	avg  	std     	min	max
0  	10   	112.1	2.50799 	109	116
1  	10   	112.3	2.6096  	107	117
2  	10   	110.7	2.5318  	108	115
3  	10   	112.8	2.89137 	109	117
4  	10   	113.3	2.5318  	108	117
5  	10   	114.8	1.83303 	112	117
6  	10   	116.1	1.22066 	114	118
7  	10   	115  	1.54919 	113	117
8  	10   	114.7	2.1     	111	117
9  	10   	114.9	1.86815 	112	117
10 	10   	114.4	2.87054 	108	118
11 	10   	115  	2.23607 	111	117
12 	10   	115.7	1.48661 	112	117
13 	10   	115.8	1.46969 	113	118
14 	10   	115.7	1.48661 	112	118
15 	10   	114.3	1.73494 	112	118
16 	10   	114.2	1.93907 	111	118
17 	10   	115  	1.54919 	112	117
18 	10   	114  	1.48324 	112	117
19 	10   	115  	1.89737 	111	117
20 	10   	115.4	1.42829 	113	118
21 	10   	115.4	2.2891  	111	119
22 	10   	115.3	2.57099 	111	118
23 	10   	115.6	1.85472 	113	118
24 	10   	115.6	2.2891  	111	118
25 	10   	115.5	1.56525 	114	118
26 	10   	114.8	1.249   	113	117
27 	10   	115.4	1.11355 	114	117
28 	10   	115.8	2.4     	110	118
29 	10   	115.7	1.79165 	112	118
30 	10   	115.7	2.05183 	111	118
31 	10   	116.5	1.56525 	113	118
32 	10   	116.5	0.806226	115	118
33 	10   	116.5	1.56525 	113	119
34 	10   	115.7	1.1     	114	118
35 	10   	115.4	1.95959 	113	118
36 	10   	115.5	2.24722 	112	119
37 	10   	116.8	1.6     	113	118
38 	10   	116  	1.89737 	113	119
39 	10   	115.3	2.14709 	111	118
40 	10   	115.8	2.99333 	107	118
41 	10   	116.5	1.74642 	113	119
42 	10   	116.9	1.64012 	113	119
43 	10   	116.1	1.86815 	111	118
44 	10   	115.8	1.6     	112	118
45 	10   	114.8	1.93907 	112	118
46 	10   	116.2	1.93907 	113	118
47 	10   	116  	1.67332 	113	118
48 	10   	116  	1.48324 	113	118
49 	10   	115.8	1.6     	113	118
Fold  4 - Raw Best Weight: [2.3293022048961776, 0.09706015584516003, 0.014121987354514642, 0.4565869260920303]	Accuracy: [8, 13, 16] out of 35	Time Taken: 410.54294323921204
Particles: 10	Generations: 50
gen	evals	avg  	std    	min	max
0  	10   	113.8	2.5219 	110	118
1  	10   	113.5	1.96214	111	118
2  	10   	113.6	3.1686 	109	118
3  	10   	112.1	2.84429	107	117
4  	10   	114.9	2.54755	110	119
5  	10   	114.6	2.90517	108	119
6  	10   	115.1	1.86815	111	119
7  	10   	116.4	1.49666	114	119
8  	10   	116.1	1.57797	112	118
9  	10   	116.9	1.13578	114	118
10 	10   	116.7	1.26886	114	119
11 	10   	116.9	1.37477	115	119
12 	10   	116.2	1.46969	114	119
13 	10   	115.4	1.42829	113	118
14 	10   	115.6	2.10713	111	118
15 	10   	114.6	2.93939	108	118
16 	10   	114.6	1.49666	113	118
17 	10   	115.8	1.77764	112	118
18 	10   	116.3	1.61555	114	120
19 	10   	116.4	1.68523	114	120
20 	10   	115.7	1.26886	114	118
21 	10   	116.9	2.7    	114	123
22 	10   	117.6	2.15407	114	122
23 	10   	116.7	2.2383 	114	122
24 	10   	117.9	2.54755	113	123
25 	10   	117.6	3.55528	113	123
26 	10   	116.3	3.34813	113	123
27 	10   	117.2	3.31059	114	123
28 	10   	116.9	2.50799	114	123
29 	10   	116.5	3.13847	112	123
30 	10   	116.7	1.61555	115	119
31 	10   	116.7	2.0025 	113	121
32 	10   	117  	2.36643	113	122
33 	10   	116.9	2.34307	114	122
34 	10   	117.7	2.79464	115	123
35 	10   	117.4	3.72022	113	123
36 	10   	116.3	3.00167	113	123
37 	10   	116.3	3.84838	110	123
38 	10   	116.4	2.72764	113	123
39 	10   	116.7	3.13209	111	123
40 	10   	116.6	2.2891 	113	121
41 	10   	117.5	3.13847	113	123
42 	10   	116.7	2.79464	113	123
43 	10   	117.2	2.95973	113	122
44 	10   	116.7	2.49199	114	122
45 	10   	117  	3.54965	113	123
46 	10   	116.8	2.82135	113	123
47 	10   	116.4	3.1686 	112	122
48 	10   	116.3	3.13209	113	123
49 	10   	116.6	2.87054	114	122
Fold  5 - Raw Best Weight: [1.5378217697373548, 0.04712926291789951, 0.03966408404194752, 0.2979545858356134]	Accuracy: [13, 19, 22] out of 35	Time Taken: 413.3978340625763
Particles: 10	Generations: 50
gen	evals	avg  	std    	min	max
0  	10   	109.2	2.4    	106	113
1  	10   	110.4	2.83549	106	116
2  	10   	110.4	1.85472	108	113
3  	10   	110.9	2.42693	107	116
4  	10   	110.2	1.32665	108	112
5  	10   	112.2	1.4    	110	115
6  	10   	110.5	1.62788	107	112
7  	10   	112.6	1.8    	110	117
8  	10   	110.5	1.96214	106	114
9  	10   	112.7	2.32594	110	117
10 	10   	110.9	2.07123	108	114
11 	10   	111.9	2.77308	108	117
12 	10   	110.8	1.46969	109	114
13 	10   	111.5	1.85742	109	115
14 	10   	109.9	2.11896	105	112
15 	10   	111.9	1.44568	110	114
16 	10   	109  	1.94936	107	113
17 	10   	111.6	2.53772	106	115
18 	10   	109.5	2.65518	106	116
19 	10   	111.3	2.79464	107	117
20 	10   	110.3	2.0025 	107	115
21 	10   	111.7	2.32594	109	116
22 	10   	110.7	1.48661	109	114
23 	10   	111.6	1.85472	108	114
24 	10   	109.8	1.72047	108	114
25 	10   	111.3	2.32594	107	115
26 	10   	108.8	1.8868 	107	113
27 	10   	111  	2.44949	108	115
28 	10   	109.7	2.72213	106	116
29 	10   	112  	2.44949	109	117
30 	10   	109.9	1.86815	107	113
31 	10   	111.1	1.75784	110	116
32 	10   	110.8	1.16619	109	113
33 	10   	111.1	1.3    	109	113
34 	10   	110.4	1.90788	108	115
35 	10   	111.1	2.34307	108	116
36 	10   	109.1	1.97231	107	114
37 	10   	111.1	2.84429	106	116
38 	10   	109.5	2.06155	106	113
39 	10   	111.7	2.1    	110	117
40 	10   	110.5	2.33452	106	116
41 	10   	111.8	1.93907	109	116
42 	10   	111.3	1.00499	110	114
43 	10   	111.1	1.86815	107	114
44 	10   	110.2	2.13542	108	115
45 	10   	111.3	1.73494	110	115
46 	10   	109.4	2.10713	107	114
47 	10   	111.3	1.95192	109	115
48 	10   	110.3	1.67631	107	113
49 	10   	111.9	2.7    	107	117
Fold  6 - Raw Best Weight: [2.4353337604594345, 0.16698935474929222, 0.007637104689430291, 0.5756063473213278]	Accuracy: [13, 19, 21] out of 35	Time Taken: 415.4315490722656
Particles: 10	Generations: 50
gen	evals	avg  	std     	min	max
0  	10   	109.8	2.71293 	104	114
1  	10   	108.3	3.00167 	103	112
2  	10   	109.9	2.50799 	105	114
3  	10   	110  	1.73205 	106	112
4  	10   	111.8	1.249   	109	114
5  	10   	111.8	0.979796	110	113
6  	10   	112.2	1.249   	111	114
7  	10   	111.3	1.55242 	107	113
8  	10   	112.2	1.46969 	109	114
9  	10   	112  	1.54919 	109	115
10 	10   	112  	1.84391 	108	115
11 	10   	111.4	2.15407 	108	115
12 	10   	111.6	2.2     	108	116
13 	10   	111.3	1.9     	108	114
14 	10   	111.7	1.79165 	108	114
15 	10   	112  	1.78885 	108	114
16 	10   	111.8	1.72047 	109	114
17 	10   	112  	2       	108	115
18 	10   	112  	1.41421 	110	115
19 	10   	111  	2.04939 	108	114
20 	10   	111.2	1.8868  	109	115
21 	10   	111.2	2.74955 	107	115
22 	10   	111.3	2.57099 	107	117
23 	10   	111.9	2.94788 	106	117
24 	10   	112.6	2.97321 	107	118
25 	10   	112.5	3.00832 	109	117
26 	10   	112.8	2.63818 	108	117
27 	10   	112.8	2.74955 	110	118
28 	10   	113.8	2.82135 	109	118
29 	10   	113.2	3.02655 	109	118
30 	10   	112.4	2.498   	110	118
31 	10   	110.9	3.85876 	106	118
32 	10   	111.7	3.95095 	107	118
33 	10   	112.7	4.14849 	105	118
34 	10   	113.4	3.2311  	109	118
35 	10   	112.7	3.43657 	108	118
36 	10   	113.8	2.48193 	111	118
37 	10   	113.5	2.76586 	110	118
38 	10   	114.1	2.94788 	110	118
39 	10   	112.9	2.77308 	109	118
40 	10   	112.2	2.92575 	109	118
41 	10   	112  	2.68328 	109	118
42 	10   	112.2	3.37046 	107	117
43 	10   	112.2	3.54401 	108	118
44 	10   	113  	3.16228 	110	118
45 	10   	112.7	2.96816 	108	118
46 	10   	113.1	3.26956 	109	118
47 	10   	113.2	3.02655 	108	118
48 	10   	113.7	2.96816 	110	118
49 	10   	112.2	3.28024 	107	118
Fold  7 - Raw Best Weight: [0.6015461894571082, 0.6794417061954242, 0.4937779974059966, 1.4810186119674873]	Accuracy: [11, 17, 21] out of 35	Time Taken: 415.523423910141
Particles: 10	Generations: 50
gen	evals	avg  	std    	min	max
0  	10   	113.1	1.86815	110	117
1  	10   	114.6	1.85472	112	118
2  	10   	112  	2.32379	106	115
3  	10   	111.9	2.2561 	108	115
4  	10   	112.4	2.15407	110	116
5  	10   	114.4	2.69072	111	118
6  	10   	115.6	2.2    	111	118
7  	10   	114  	2      	111	118
8  	10   	114.8	1.6    	112	118
9  	10   	114.2	1.07703	112	116
10 	10   	114.8	2.03961	112	118
11 	10   	115.1	1.75784	111	117
12 	10   	115.5	2.15639	112	119
13 	10   	114  	2.89828	109	118
14 	10   	114.2	2.82135	107	117
15 	10   	112.9	2.77308	109	117
16 	10   	113.1	3.04795	107	117
17 	10   	113.5	3.00832	108	118
18 	10   	113.8	2.08806	110	117
19 	10   	113.8	2.44131	109	117
20 	10   	114.4	1.35647	112	117
21 	10   	115.1	2.42693	111	119
22 	10   	114.7	2.79464	110	118
23 	10   	113.8	1.46969	110	115
24 	10   	113.8	2.63818	108	117
25 	10   	112.8	2.35797	109	117
26 	10   	113.6	2.41661	110	117
27 	10   	113.7	3.06757	108	119
28 	10   	113.1	2.3    	109	116
29 	10   	114.1	2.80891	110	118
30 	10   	114.4	1.74356	112	118
31 	10   	113.5	2.45967	109	117
32 	10   	113.6	2.61534	110	119
33 	10   	115.2	2.35797	110	119
34 	10   	115.4	1.95959	112	119
35 	10   	114.3	2.45153	110	118
36 	10   	115  	2.23607	111	119
37 	10   	113.7	2.6096 	109	118
38 	10   	113  	3.63318	106	118
39 	10   	113.8	3.15595	109	119
40 	10   	113.8	2.74955	108	118
41 	10   	114.2	1.72047	111	116
42 	10   	114.4	1.49666	112	116
43 	10   	115  	2.04939	112	118
44 	10   	114.1	2.21133	111	118
45 	10   	112.7	2.36854	109	117
46 	10   	112.8	2.56125	110	117
47 	10   	113.3	3.31813	107	118
48 	10   	114.2	2.31517	110	118
49 	10   	114.2	2.5219 	110	118
Fold  8 - Raw Best Weight: [1.6836258599518565, 2.5979852779163366, 1.871839825783754, 0.21777993179252061]	Accuracy: [13, 17, 18] out of 35	Time Taken: 413.2646861076355
Particles: 10	Generations: 50
gen	evals	avg  	std    	min	max
0  	10   	109.6	2.76405	104	114
1  	10   	111.1	2.42693	107	114
2  	10   	110.1	2.50799	107	114
3  	10   	109.8	2.13542	107	114
4  	10   	111  	2      	108	115
5  	10   	111.3	1.79165	108	114
6  	10   	112.5	1.80278	109	115
7  	10   	112  	2      	108	114
8  	10   	111.8	2.08806	108	114
9  	10   	112.8	1.83303	110	115
10 	10   	112.8	1.07703	111	114
11 	10   	112.7	1.61555	109	115
12 	10   	113.2	1.249  	110	114
13 	10   	112.7	1.95192	109	115
14 	10   	111.8	1.98997	108	114
15 	10   	112.4	2.24499	107	115
16 	10   	111.8	2.03961	107	114
17 	10   	112.5	1.36015	110	114
18 	10   	113  	1.18322	111	114
19 	10   	112.8	1.07703	111	115
20 	10   	112.6	2.00998	109	115
21 	10   	112.9	1.81384	109	115
22 	10   	112.8	1.77764	109	115
23 	10   	112.3	2.05183	109	115
24 	10   	112.8	1.8868 	109	115
25 	10   	113.5	1.56525	110	115
26 	10   	113.2	1.249  	111	115
27 	10   	113  	1.41421	111	115
28 	10   	113.2	1.16619	111	115
29 	10   	112.7	1.67631	109	115
30 	10   	112.3	1.84662	108	114
31 	10   	112.8	1.77764	109	114
32 	10   	112.7	1.79165	109	115
33 	10   	112.2	1.83303	108	115
34 	10   	112.2	2.56125	107	115
35 	10   	113.1	1.51327	110	115
36 	10   	112.3	1.55242	109	115
37 	10   	112.6	2.00998	108	115
38 	10   	112.4	2.15407	107	115
39 	10   	112.7	1.48661	109	114
40 	10   	112.6	1.56205	109	115
41 	10   	113  	1.78885	109	115
42 	10   	112.4	1.35647	110	114
43 	10   	112.4	1.85472	109	115
44 	10   	112.5	1.62788	109	114
45 	10   	113  	1.78885	109	115
46 	10   	112.9	2.21133	107	115
47 	10   	112.3	2.0025 	109	115
48 	10   	112  	2.72029	106	115
49 	10   	112.8	1.6    	109	115
Fold  9 - Raw Best Weight: [0.9265324325200512, 0.9590943098537107, 1.2443072292834643, 0.43817009015747316]	Accuracy: [11, 17, 20] out of 35	Time Taken: 426.61622190475464
Particles: 10	Generations: 50
gen	evals	avg  	std    	min	max
0  	10   	109.9	2.2561 	108	114
1  	10   	110.7	2.6096 	106	116
2  	10   	110.9	3.5623 	105	117
3  	10   	109.8	3.48712	104	115
4  	10   	111.4	2.37487	107	116
5  	10   	111.3	3.2573 	104	115
6  	10   	112  	2.72029	107	116
7  	10   	111.2	3.1241 	106	118
8  	10   	111.2	2.56125	106	116
9  	10   	111.1	2.21133	108	115
10 	10   	111  	2.28035	107	114
11 	10   	111.8	1.83303	108	115
12 	10   	112.6	1.62481	111	116
13 	10   	113.3	2.36854	109	117
14 	10   	112  	2.40832	110	117
15 	10   	111.2	2.31517	107	115
16 	10   	111.8	3.09192	107	119
17 	10   	112.2	2.44131	108	117
18 	10   	114.5	2.37697	109	117
19 	10   	114.9	3.53412	107	118
20 	10   	114.7	3.16386	108	118
21 	10   	113.8	2.92575	108	118
22 	10   	114.9	1.86815	112	118
23 	10   	115.9	2.38537	110	119
24 	10   	114.8	2.5219 	109	118
25 	10   	113.6	2.37487	109	117
26 	10   	112.9	2.62488	109	118
27 	10   	112.9	1.81384	110	115
28 	10   	114.5	2.1095 	112	119
29 	10   	115.4	1.2    	114	118
30 	10   	115.3	2.1    	111	118
31 	10   	114.1	3.23883	108	118
32 	10   	114.1	2.77308	110	118
33 	10   	114.1	3.36006	108	119
34 	10   	113.3	2.14709	110	118
35 	10   	112.4	2.2    	108	115
36 	10   	112.5	2.72947	105	115
37 	10   	113  	2.56905	107	116
38 	10   	113.1	2.7    	107	116
39 	10   	114.1	2.11896	110	117
40 	10   	114.7	2.5318 	110	118
41 	10   	114  	2.79285	109	118
42 	10   	113.8	2.78568	109	117
43 	10   	113.3	2.5318 	110	117
44 	10   	114  	2.04939	110	117
45 	10   	112.4	2.24499	109	116
46 	10   	112.6	2.41661	108	116
47 	10   	112.1	3.11288	107	119
48 	10   	112.7	2.75862	107	117
49 	10   	114.7	2.83019	109	118
Fold 10 - Raw Best Weight: [0.5124627734100027, 0.7583723183673642, 0.44891561636805516, 0.16968996125269137]	Accuracy: [13, 17, 20] out of 35	Time Taken: 414.3713369369507
Particles: 10	Generations: 50
gen	evals	avg  	std    	min	max
0  	10   	108.7	2.57099	104	113
1  	10   	108.7	2.19317	105	112
2  	10   	109.4	2.33238	107	114
3  	10   	106.9	3.11288	99 	111
4  	10   	108.3	1.9    	104	111
5  	10   	109.5	2.24722	105	112
6  	10   	110.5	1.80278	107	113
7  	10   	110.7	2.86531	107	115
8  	10   	110  	2.23607	105	112
9  	10   	109  	2.60768	103	113
10 	10   	111.3	1.84662	109	114
11 	10   	112.4	1.8    	110	116
12 	10   	111.5	1.43178	109	114
13 	10   	111  	2.04939	108	115
14 	10   	109.6	1.68523	107	113
15 	10   	110.8	1.66132	109	113
16 	10   	112.1	2.7    	106	115
17 	10   	111.1	2.5865 	106	115
18 	10   	111.6	1.74356	109	115
19 	10   	110.8	2.22711	106	114
20 	10   	110.5	2.15639	108	114
21 	10   	111.3	2.45153	107	115
22 	10   	110.8	3.37046	105	116
23 	10   	110.4	2.2    	106	113
24 	10   	110.3	1.41774	108	112
25 	10   	111.2	1.72047	109	115
26 	10   	111.8	1.6    	109	115
27 	10   	111.6	2.498  	108	116
28 	10   	111  	1.89737	108	113
29 	10   	111  	2.72029	105	115
30 	10   	112.1	1.57797	109	115
31 	10   	111.3	1.9    	108	114
32 	10   	111.1	2.54755	108	115
33 	10   	111.4	2.15407	109	115
34 	10   	111.9	1.86815	110	115
35 	10   	110.6	2.05913	106	113
36 	10   	111.3	2.45153	106	115
37 	10   	111.1	2.5865 	105	115
38 	10   	111.5	3.00832	104	115
39 	10   	110.6	1.74356	107	113
40 	10   	111.5	1.74642	109	115
41 	10   	111.5	2.24722	108	115
42 	10   	112.4	2.05913	110	116
43 	10   	111.2	2.13542	108	115
44 	10   	110.4	2.24499	107	114
45 	10   	110.2	2.18174	105	113
46 	10   	110.8	3.94462	104	115
47 	10   	111.8	2.4    	107	115
48 	10   	110.3	2.75862	104	114
49 	10   	111.2	1.83303	109	115
---Overall Accuracies: [119, 176, 200]---